200 200 
199 199 
198 198 
197 197 
196 196 
195 195 
194 194 
193 193 
192 192 
192 191 
192 190 
191 189 
190 188 
189 187 
188 186 
187 185 
186 184 
185 183 
184 182 
183 181 
182 180 
181 179 
180 178 
179 177 
178 176 
177 175 
176 174 
175 173 
174 172 
173 171 
172 170 
171 169 
170 168 
169 167 
168 166 
167 165 
166 164 
165 163 
164 162 
163 161 
162 160 
161 159 
160 158 
159 157 
158 156 
157 155 
156 154 
155 153 
154 152 
153 151 
152 150 
151 149 
150 148 
149 147 
148 146 
147 145 
146 144 
145 143 
144 142 
143 141 
142 140 
141 139 
140 138 
139 137 
138 136 
137 135 
136 134 
135 133 
134 132 
133 131 
132 130 
131 129 
130 128 
129 127 
128 126 
127 125 
126 124 
125 123 
124 122 
123 121 
122 120 
121 119 
120 118 
119 117 
118 116 
117 115 
117 114 
118 113 
119 112 
120 111 
121 110 
122 109 
123 108 
124 107 
125 106 
126 105 
127 104 
128 103 
129 102 
130 101 
130 100 
131 99 
132 98 
133 97 
133 96 
134 95 
134 94 
135 93 
135 92 
136 91 
136 90 
137 89 
137 88 
138 87 
138 86 
138 85 
138 84 
139 83 
139 82 
139 81 
139 80 
140 79 
140 78 
140 77 
140 76 
140 75 
140 74 
140 73 
140 72 
140 71 
140 70 
140 69 
140 68 
140 67 
140 66 
140 65 
140 64 
140 63 
140 62 
140 61 
139 60 
139 59 
139 58 
139 57 
138 56 
138 55 
138 54 
138 53 
137 52 
137 51 
136 50 
136 49 
135 48 
135 47 
134 46 
134 45 
133 44 
133 43 
132 42 
131 41 
130 40 
130 39 
129 38 
128 37 
127 36 
126 35 
125 34 
124 33 
123 32 
122 31 
121 30 
120 29 
119 28 
118 27 
117 26 
116 25 
115 24 
114 23 
113 22 
112 21 
111 20 
110 19 
109 18 
108 17 
107 16 
106 16 
105 16 
104 16 
103 16 
102 16 
101 16 
100 16 
99 16 
98 16 
97 16 
96 16 
95 16 
94 16 
93 16 
92 16 
91 16 
90 16 
89 16 
88 16 
87 16 
86 16 
85 16 
84 16 
83 16 
82 16 
81 16 
80 16 
79 16 
78 16 
77 16 
76 16 
75 16 
74 16 
73 16 
72 16 
71 16 
70 16 
69 16 
68 16 
67 16 
66 16 
65 16 
64 16 
63 16 
62 16 
61 16 
60 16 
59 16 
58 16 
57 16 
56 16 
55 16 
54 16 
53 16 
52 16 
51 16 
50 16 
49 16 
48 16 
47 16 
46 16 
45 16 
44 16 
43 16 
42 16 
41 16 
40 16 
39 16 
38 16 
37 16 
36 16 
35 16 
34 16 
33 16 
32 16 
31 16 
30 16 
29 16 
28 16 
27 16 
26 16 
25 16 
24 16 
23 16 
22 16 
21 16 
20 16 
19 16 
18 16 
17 16 
16 16 
